./boards/Keren.txt
4181 40495 3743 33825 3212 27931 3424 22765 2976 18279 2550 14425 2181 11155 1766 8421 1863 6175 1192 4369 936 2955 702 1885 490 1111 336 585 221 259 104 85 36 15 4 1
1.26206030416 1.6798599232 1.1006745836 1.51554599492 0.896988953541 1.18377770146 0.757743035693 0.964009538938 0.625829427669 0.779417043917 0.505647515365 0.619731653551 0.426805903799 0.48106860301 0.324066177772 0.364709035192 0.345905807977 0.270526167441 0.181815483242 0.193187637776 0.132870442552 0.131810683811 0.091122051471 0.085518369059 0.0604825397812 0.0520108505979 0.0370055545784 0.028067793488 0.0215605419085 0.012998690005 0.0088609147105 0.00485990932682 0.00280031537532 0.00115519251267 0.00036481223683 0.00011180177296
BBBBBBBBBCACACABBACACACBBCACACABBACACACBBCACACABBACACACBBBBBBBBB

./boards/Narvik.txt
4357 40495 3458 33825 3042 27931 2661 22765 4128 18279 3720 14425 1650 11155 1818 8421 1362 6175 1658 4369 730 2955 624 1885 382 1111 395 585 216 259 99 85 40 15 4 1
1.33131193139 1.70484498393 1.05828978243 1.44558305318 0.902268605008 1.19928069569 0.73898280916 0.974943641364 0.955101739613 0.787437364652 0.806982422986 0.624525813448 0.383592715296 0.488921637222 0.323815109274 0.373937536377 0.241894094037 0.277809373261 0.223460117839 0.195864777004 0.121702749325 0.135006882883 0.093054585343 0.0861567211176 0.051967849916 0.051711510367 0.0430198241466 0.0279102167956 0.0212026652655 0.012831680905 0.00851552213647 0.0047309072811 0.0030733003495 0.00111274667827 0.0003498313541 0.000111801772961
BBBBBBBBBCCCAAABBACCAAABBCCAAAABBCCAACABBCACCCCBBACCCACBBBBBBBBB

./boards/Sevastopol.txt
4181 40495 3838 33825 3357 27931 4047 22765 2414 18279 2639 14425 2156 11155 1420 8421 4308 6175 1306 4369 1320 2955 635 1885 418 1111 350 585 270 259 88 85 46 15 4 1
1.29625333671 1.71120991712 1.1257714461 1.44355425327 0.931850299923 1.1864234918 0.872083513428 0.968850306026 0.620716230455 0.78447697577 0.531447647086 0.627129157958 0.408469303339 0.485811439513 0.303696061193 0.36993625357 0.683634828222 0.268888257596 0.202135940969 0.192116782084 0.166352715451 0.133302668761 0.095948947371 0.0857028558556 0.0579266347333 0.0522230797699 0.0408445444896 0.0282028988563 0.0248899043831 0.013255029554 0.00778894932411 0.00476253358908 0.00350413943984 0.00115935386898 0.000355379829186 0.000111246925451
BBBBBBBBBCCACCCBBACCCCCBBCCCCCCBBCACCCABBCCACACBBCAAACCBBBBBBBBB

./boards/Smolensk.txt
4418 40495 5762 33825 4566 27931 7149 22765 6020 18279 7598 14425 5444 11155 3222 8421 2408 6175 2212 4369 2097 2955 1770 1885 550 1111 272 585 188 259 112 85 30 15 4 1
1.31370634252 1.67985354245 1.15061724011 1.41673292471 0.946704399996 1.18368226768 1.74808757935 0.970054047696 1.40698231202 0.782026491749 1.58767617102 0.619000087111 1.07248805275 0.482017669674 0.613905477288 0.366665982355 0.438322873533 0.27424531029 0.30556617472 0.196469560788 0.249336263668 0.133716862426 0.199376684309 0.0870905294743 0.0723945609408 0.0524505672483 0.0337591418063 0.02876995301 0.0194540633425 0.0134200966877 0.00955641606239 0.00483854769774 0.00244854205494 0.00117932837928 0.000347334540312 0.000115963129272
BBBBBBBBBCCACCABBCCCCCCBBCCCCAABBACAAAABBCACAAABBACACAABBBBBBBBB

./boards/Westerplatte.txt
4653 40495 6962 33825 3528 27931 4948 22765 2526 18279 2293 14425 2220 11155 1400 8421 1190 6175 978 4369 799 2955 718 1885 422 1111 436 585 213 259 82 85 38 15 4 1
1.42553585785 1.69959057802 1.85362262713 1.43548732534 0.990342879115 1.20393586629 1.21032798701 0.982570575216 0.647065106361 0.798205845097 0.548764992673 0.634292239292 0.445658789866 0.496438433843 0.317327832205 0.379138676922 0.243356394645 0.278313729646 0.171935313658 0.197279083303 0.128616981552 0.134620986441 0.106117915083 0.0875388462612 0.0569226381667 0.0522885517759 0.0468865564333 0.0282622675397 0.0210420369118 0.0132184096184 0.00744022766503 0.0048424316303 0.0029490145076 0.00109693352427 0.00034927650659 0.000114853434255
BBBBBBBBBCCCACABBCCCCACBBCCCACABBCCAAAABBACCAAABBCCAAAABBBBBBBBB

./boards/Westerplatte.txt
4653 40495 6962 33825 3528 27931 4948 22765 2526 18279 2293 14425 2220 11155 1400 8421 1190 6175 978 4369 799 2955 718 1885 422 1111 436 585 213 259 82 85 38 15 4 1
3.96414111462 4.58154101829 4.93292078137 3.93087805904 2.55496143642 3.24949545895 3.22488675775 2.77001358394 1.72150250236 2.33674569005 1.36266916695 1.78727171029 1.1036103367 1.43078605773 0.806107420877 1.0885265202 0.658886630194 0.740665165811 0.422141599914 0.605004284842 0.369389294566 0.335113124958 0.301149613191 0.214757816629 0.133192973299 0.125677455867 0.111466735478 0.0798149857306 0.0540326263772 0.0319922645591 0.0176264981369 0.0110760781197 0.00775889938576 0.00267023724609 0.000997719393801 0.000323654013492
BBBBBBBBBCCCACABBCCCCACBBCCCACABBCCAAAABBACCAAABBCCAAAABBBBBBBBB

./boards/Westerplatte.txt
4653 40495 6962 33825 3528 27931 4948 22765 2526 18279 2293 14425 2220 11155 1400 8421 1190 6175 978 4369 799 2955 718 1885 422 1111 436 585 213 259 82 85 38 15 4 1
5.68060700339 6.18060443762 5.87722883255 5.9893076883 2.98267039852 5.26872776482 3.65734203448 4.23113478302 1.63476249367 2.34986119165 2.63925479671 2.60446144045 1.09509673333 1.61114638032 1.63354521736 1.74304327141 1.21391514327 0.710857840748 0.435631704458 0.488366782469 0.335781325713 0.346690995088 0.263355034891 0.230661947598 0.135600768559 0.128540126133 0.118315884851 0.113802322538 0.0949193284124 0.0566376196658 0.0309487277795 0.0169560981474 0.0109613513856 0.00430793388514 0.000869430713479 0.000491895454253
BBBBBBBBBCCCACABBCCCCACBBCCCACABBCCAAAABBACCAAABBCCAAAABBBBBBBBB

